1	0.078050	169.976	0.0061	0.0457	0.0009	0.0015	0.3538	0.0433	1.130299			
2	0.158103	130.405	0.1141	0.07645	0.0008	0.0013	0.3897	0.0587	1.970416						
3	0.909824	151.502	0.1130	0.4811	0.0008	0.0015	0.4413	0.0000	0.000000						
4	0.461309	68.607	0.1563	0.2352	0.0004	0.0013	0.4171	0.0426	3.150334						
5	0.110610	29.837	0.0076	0.0566	0.0009	0.0013	0.3813	0.0500	1.650000				
6	0.158530	69.526	0.0249	0.0741	0.0007	0.0009	0.3924	0.0618	1.580188						
7	0.077594	110.250	0.0208	0.0465	0.0019	0.0011	0.3740	0.0422	1.050062						
8	0.320330	150.541	0.0190	0.1589	0.0006	0.0012	0.4050	0.0441	2.661093						
11	0.113799	150.076	0.0147	0.0934	0.0013	0.0011	0.0000	0.0464	1.099888						
11	0.113793	150.079	0.0887	0.0925	0.0004	0.0011	0.0000	0.0000	0.0000						
11	0.113797	150.074	0.0575	0.0939	0.0003	0.0011	0.0000	0.0000	0.0000			 			
12	0.108817	129.883	0.0590	0.0795	0.0014	0.0010	0.0000	0.0440	1.180036						
12	0.108825	129.879	0.0032	0.0835	0.0008	0.0010	0.0000	0.0000	0.0000						
13	0.114000	90.139	0.0921	0.0836	0.0012	0.0011	0.0000	0.0612	1.100171					
13	0.113998	90.143	0.0533	0.0919	0.0019	0.0009	0.0000	0.0000	0.0000	
13	0.114008	90.137	0.0121	0.0867	0.0008	0.0008	0.0000	0.0000	0.0000						
14	0.674305	107.955	0.0477	0.3377	0.0006	0.0008	0.4024	0.0000	0.000000						
15	0.229433	50.585	0.0121	0.1094	0.0014	0.0014	0.3819	0.0516	1.970634						
16	0.642117	170.392	0.1651	0.3364	0.0031	0.0016	0.4011	0.0000	0.000000						
17	0.108278	9.995	0.0116	0.0839	0.0007	0.0012	0.0000	0.0544	1.130375					
17	0.108286	9.990	0.0569	0.0852	0.0008	0.0011	0.0000	0.0000	0.0000				
18	0.113806	29.957	0.0366	0.0881	0.0020	0.0013	0.0000	0.0469	1.100317						
18	0.113801	29.954	0.1060	0.0929	0.0007	0.0011	0.0000	0.0000	0.0000					
18	0.113808	29.956	0.0710	0.0929	0.0011	0.0011	0.0000	0.0000	0.0000					
19	0.108725	70.185	0.0664	0.0794	0.0004	0.0008	0.0000	0.0542	1.050101					
19	0.108729	70.188	0.0098	0.0833	0.0012	0.0007	0.0000	0.0000	0.0000						
20	0.951284	86.923	0.9161	0.4903	0.0017	0.0021	0.4375	0.0000	0.000000						
21	0.453759	9.763	0.1755	0.2286	0.0024	0.0017	0.3819	0.0463	3.020667						
22	0.909882	28.536	0.7417	0.4781	0.0009	0.0020	0.4153	0.0000	0.000000						
23	0.110605	150.186	0.0851	0.0555	0.0010	0.0012	0.3714	0.0356	1.690305						
24	0.320325	29.492	0.1901	0.1555	0.0010	0.0012	0.4183	0.0508	2.660021						
25	0.111219	89.650	0.0071	0.0575	0.0009	0.0009	0.3910	0.0386	1.100597						
26	0.457718	131.159	0.1624	0.2307	0.0044	0.0018	0.3609	0.0492	2.951300						
27	0.230491	169.889	0.0303	0.1039	0.0017	0.0015	0.3476	0.0568	2.280569						
28	0.325430	91.078	0.2974	0.1679	0.0006	0.0015	0.4149	0.0554	2.200088
29	0.077942	50.202	0.0629	0.0460	0.0011	0.0029	0.3597	0.0446	1.180051
30	0.160430	10.117	0.0747	0.0772	0.0007	0.0014	0.3903	0.0590	1.810433						
31	0.228535	109.322	0.0951	0.1190	0.0006	0.0014	0.3838	0.0595	2.070182
32	0.682316	51.715	0.4884	0.3384	0.0018	0.0026	0.3980	0.0000	0.000000