     0.000000      1.00000      2.00000      3.00000      4.00000      5.00000
      6.00000      7.00000      8.00000      9.00000      10.0000      11.0000
      12.0000      13.0000      14.0000      15.0000      16.0000      17.0000
      18.0000      19.0000      20.0000      21.0000      22.0000      23.0000
      24.0000      25.0000      26.0000      27.0000      28.0000      29.0000
      30.0000      31.0000      32.0000      33.0000      34.0000      35.0000
      36.0000      37.0000      38.0000      39.0000      40.0000      41.0000
      42.0000      43.0000      44.0000      45.0000      46.0000      47.0000
      48.0000      49.0000      51.0000      53.0000      55.0000      57.0000
      59.0000      61.0000      63.0000      65.0000      67.0000      69.0000
      71.0000      73.0000      75.0000      77.5000      80.5000      83.5000
      86.5000      89.5000      92.5000      95.5000      98.5000      102.000
      106.000      110.000      114.000      118.000      122.000      126.000
      130.500      135.500      140.500      145.500      150.500      156.000
      162.000      168.000      174.000      180.500      187.500      194.500
      201.500      209.000      217.000      225.000      233.500      242.500
      251.500      261.000      271.000      281.500      292.500      303.500
      315.000      327.000      339.500      352.500      366.000      380.000
      394.500      410.000      426.000      442.500      460.000      478.000
      496.500      516.000      536.500      557.500      579.000      601.500
      625.000      649.500      675.000      701.500      729.000      757.500
      787.000      818.000      850.500      884.000      919.000      955.500
      993.000      1032.00      1073.00      1115.50      1159.50      1205.50
      1253.50      1303.50      1355.50      1409.50      1465.50      1523.50
      1584.00      1647.00      1712.50      1780.50      1851.00      1924.50
      2001.00      2080.50      2163.00      2249.00      2338.50      2431.50
      2528.50      2629.50      2734.50      2843.50      2956.50      3074.00
      3196.50      3324.00      3456.50      3594.00      3737.00      3886.00
      4041.00      4202.00      4369.50      4544.00      4725.50      4914.00
      5110.00      5314.00      5526.00      5746.50      5976.00      6214.50
      6462.50      6720.50      6989.00      7268.50      7559.00      7861.00
      8175.00      8501.50      8841.00      9194.00      9561.00      9942.50
      10339.5      10752.5      11182.0      11629.0      12094.0      12577.5
      13080.0      13602.5      14146.0      14711.0      15298.5      15909.5
      16545.0      17206.0      17893.5      18608.5      19352.0      20125.5
      20930.0      21766.5      22636.5      23541.5      24483.0      25462.0
      26480.0      27538.5      28639.5      29785.0      30976.0      32214.5
      33502.5      34842.0      36235.5      37684.5      39191.0      40758.0
      42388.0      44083.0      45845.5      47678.5      49585.0      51568.0
      53630.5      55775.5      58006.0      60325.5      62738.0      65247.0
      67856.5      70570.5      73393.0      76328.5      79381.5      82556.5
      85858.5      89292.5      92863.5      96577.5      100440.      104457.
      108635.      112980.      117499.      119802.
