Energie (keV) Résolution FWHM petits pixels Résolution FWHM grands pixels
2 0.89  0.99
6 0.90  1.00
10  0.90  1.01
14  0.91  1.01
18  0.92  1.02
22  0.93  1.03
26  0.94  1.03
30  0.94  1.04
34  0.95  1.05
38  0.96  1.05
42  0.97  1.06
46  0.97  1.07
50  0.98  1.08
54  0.99  1.08
58  1.00  1.09
62  1.00  1.10
66  1.01  1.10
70  1.02  1.11
74  1.02  1.12
78  1.03  1.12
82  1.04  1.13
86  1.05  1.14
90  1.05  1.14
94  1.06  1.15
98  1.07  1.15
102 1.07  1.16
106 1.08  1.17
110 1.09  1.17
114 1.09  1.18
118 1.10  1.19
122 1.11  1.19
126 1.11  1.20
130 1.12  1.20
134 1.13  1.21
138 1.13  1.22
142 1.14  1.22
146 1.15  1.23
150 1.15  1.23
