;	  temperature correction in degrees per detector (row) and pixel (column)
      0.0000000      0.0000000      0.0000000      0.0000000      0.0000000      0.0000000      0.0000000      0.0000000      0.0000000      0.0000000      0.0000000      0.0000000
      0.0000000      0.0000000      0.0000000      0.0000000      0.0000000      0.0000000      0.0000000      0.0000000      0.0000000      0.0000000      0.0000000      0.0000000
      0.0000000      0.0000000      0.0000000      0.0000000      0.0000000      0.0000000      0.0000000      0.0000000      0.0000000      0.0000000      0.0000000      0.0000000
      0.0000000      0.0000000      0.0000000      0.0000000      0.0000000      0.0000000      0.0000000      0.0000000      0.0000000      0.0000000      0.0000000      0.0000000
      0.0000000      0.0000000      0.0000000      0.0000000      0.0000000      0.0000000      0.0000000      0.0000000      0.0000000      0.0000000      0.0000000      0.0000000
      0.0000000      0.0000000      0.0000000      0.0000000      0.0000000      0.0000000      0.0000000      0.0000000      0.0000000      0.0000000      0.0000000      0.0000000
      0.0000000      0.0000000      0.0000000      0.0000000      0.0000000      0.0000000      0.0000000      0.0000000      0.0000000      0.0000000      0.0000000      0.0000000
      0.0000000      0.0000000      0.0000000      0.0000000      0.0000000      0.0000000      0.0000000      0.0000000      0.0000000      0.0000000      0.0000000      0.0000000
      0.0000000      0.0000000      0.0000000      0.0000000      0.0000000      0.0000000      0.0000000      0.0000000      0.0000000      0.0000000      0.0000000      0.0000000
      0.0000000      0.0000000      0.0000000      0.0000000      0.0000000      0.0000000      0.0000000      0.0000000      0.0000000      0.0000000      0.0000000      0.0000000
      0.0000000      0.0000000      0.0000000      0.0000000      0.0000000      0.0000000      0.0000000      0.0000000      0.0000000      0.0000000      0.0000000      0.0000000
      0.0000000      0.0000000      0.0000000      0.0000000      0.0000000      0.0000000      0.0000000      0.0000000      0.0000000      0.0000000      0.0000000      0.0000000
      0.0000000      0.0000000      0.0000000      0.0000000      0.0000000      0.0000000      0.0000000      0.0000000      0.0000000      0.0000000      0.0000000      0.0000000
      0.0000000      0.0000000      0.0000000      0.0000000      0.0000000      0.0000000      0.0000000      0.0000000      0.0000000      0.0000000      0.0000000      0.0000000
      0.0000000      0.0000000      0.0000000      0.0000000      0.0000000      0.0000000      0.0000000      0.0000000      0.0000000      0.0000000      0.0000000      0.0000000
      0.0000000      0.0000000      0.0000000      0.0000000      0.0000000      0.0000000      0.0000000      0.0000000      0.0000000      0.0000000      0.0000000      0.0000000
      0.0000000      0.0000000      0.0000000      0.0000000      0.0000000      0.0000000      0.0000000      0.0000000      0.0000000      0.0000000      0.0000000      0.0000000
      0.0000000      0.0000000      0.0000000      0.0000000      0.0000000      0.0000000      0.0000000      0.0000000      0.0000000      0.0000000      0.0000000      0.0000000
      0.0000000      0.0000000      0.0000000      0.0000000      0.0000000      0.0000000      0.0000000      0.0000000      0.0000000      0.0000000      0.0000000      0.0000000
      0.0000000      0.0000000      0.0000000      0.0000000      0.0000000      0.0000000      0.0000000      0.0000000      0.0000000      0.0000000      0.0000000      0.0000000
      0.0000000      0.0000000      0.0000000      0.0000000      0.0000000      0.0000000      0.0000000      0.0000000      0.0000000      0.0000000      0.0000000      0.0000000
      0.0000000      0.0000000      0.0000000      0.0000000      0.0000000      0.0000000      0.0000000      0.0000000      0.0000000      0.0000000      0.0000000      0.0000000
      0.0000000      0.0000000      0.0000000      0.0000000      0.0000000      0.0000000      0.0000000      0.0000000      0.0000000      0.0000000      0.0000000      0.0000000
      0.0000000      0.0000000      0.0000000      0.0000000      0.0000000      0.0000000      0.0000000      0.0000000      0.0000000      0.0000000      0.0000000      0.0000000
      0.0000000      0.0000000      0.0000000      0.0000000      0.0000000      0.0000000      0.0000000      0.0000000      0.0000000      0.0000000      0.0000000      0.0000000
      0.0000000      0.0000000      0.0000000      0.0000000      0.0000000      0.0000000      0.0000000      0.0000000      0.0000000      0.0000000      0.0000000      0.0000000
      0.0000000      0.0000000      0.0000000      0.0000000      0.0000000      0.0000000      0.0000000      0.0000000      0.0000000      0.0000000      0.0000000      0.0000000
      0.0000000      0.0000000      0.0000000      0.0000000      0.0000000      0.0000000      0.0000000      0.0000000      0.0000000      0.0000000      0.0000000      0.0000000
      0.0000000      0.0000000      0.0000000      0.0000000      0.0000000      0.0000000      0.0000000      0.0000000      0.0000000      0.0000000      0.0000000      0.0000000
      0.0000000      0.0000000      0.0000000      0.0000000      0.0000000      0.0000000      0.0000000      0.0000000      0.0000000      0.0000000      0.0000000      0.0000000
      0.0000000      0.0000000      0.0000000      0.0000000      0.0000000      0.0000000      0.0000000      0.0000000      0.0000000      0.0000000      0.0000000      0.0000000
      0.0000000      0.0000000      0.0000000      0.0000000      0.0000000      0.0000000      0.0000000      0.0000000      0.0000000      0.0000000      0.0000000      0.0000000
